1	H	22597	16	0.034
2	P	37140	26	0.134
3	B	13809	10	0.134
4	B	14156	10	0.135
5	P	37683	26	0.234
6	B	15269	11	0.234
7	B	15999	11	0.234
8	P	37166	26	0.334
9	B	13300	10	0.334
10	B	13238	10	0.334
11	P	16601	12	0.430
12	B	7579	6	0.430
13	B	6413	5	0.430
14	P	12198	9	0.529
15	B	4238	3	0.529
16	B	4119	3	0.529
17	P	9378	7	0.628
18	B	3194	3	0.628
19	B	2939	3	0.628
20	P	6156	5	0.727
21	B	2317	2	0.727
22	B	2228	2	0.727
23	P	4867	4	0.834
24	B	1937	2	0.834
25	B	1908	2	0.834
26	P	4183	3	0.924
27	B	1794	2	0.924
28	B	1600	2	0.925
29	H	5263	4	1.033
30	B	1885	2	1.034
31	B	2076	2	1.034
32	P	3687	3	1.123
33	B	1980	2	1.123
34	B	1748	2	1.123
35	P	3255	3	1.221
36	B	1696	2	1.221
37	B	1575	2	1.221
38	P	2860	2	1.320
39	B	1544	2	1.320
40	B	1532	2	1.320
41	P	2673	2	1.420
42	B	1536	2	1.434
43	B	1780	2	1.434
44	P	2685	2	1.519
45	B	1595	2	1.519
46	B	1723	2	1.519
47	P	2403	2	1.618
48	B	1634	2	1.618
49	B	1614	2	1.618
50	P	2164	2	1.717
51	B	1331	1	1.717
52	B	1299	1	1.717
53	P	2041	2	1.816
54	B	1116	1	1.816
55	B	1100	1	1.816
56	P	2246	2	1.934
57	B	1201	1	1.934
58	B	1320	1	1.934
59	H	3778	3	2.013
60	B	1460	1	2.013
61	B	1314	1	2.013
62	P	2527	2	2.134
63	B	1446	1	2.134
64	B	1449	1	2.134
65	P	2318	2	2.212
66	B	1395	1	2.212
67	B	1363	1	2.212
68	P	2045	2	2.333
69	B	1388	1	2.334
70	B	1228	1	2.334
71	P	1996	2	2.410
72	B	1258	1	2.410
73	B	1165	1	2.410
74	P	2233	2	2.508
75	B	1407	1	2.509
76	B	1302	1	2.509
77	P	1919	2	2.607
78	B	1408	1	2.607
79	B	1308	1	2.607
80	P	1291	1	2.707
81	B	1299	1	2.707
82	B	1018	1	2.707
83	P	774	1	2.806
84	B	461	1	2.806
85	B	388	1	2.806
86	P	614	1	2.905
87	B	225	1	2.905
88	B	340	1	2.905
89	H	1961	2	3.004
90	B	528	1	3.004
91	B	601	1	3.004
92	P	886	1	3.103
93	B	557	1	3.103
94	B	460	1	3.103
95	P	1087	1	3.202
96	B	447	1	3.202
97	B	471	1	3.202
98	P	1188	1	3.300
99	B	639	1	3.300
100	B	621	1	3.300
101	P	1145	1	3.399
102	B	706	1	3.399
103	B	753	1	3.399
104	P	1242	1	3.499
105	B	769	1	3.533
106	B	563	1	3.533
107	P	1335	1	3.597
108	B	730	1	3.597
109	B	695	1	3.597
110	P	1264	1	3.697
111	B	641	1	3.697
112	B	575	1	3.697
113	P	1415	1	3.796
114	B	676	1	3.796
115	B	659	1	3.796
116	P	1405	1	3.895
117	B	690	1	3.895
118	B	704	1	3.895
119	H	2498	2	3.994
120	B	758	1	3.994
121	B	703	1	3.994
122	P	1182	1	4.093
123	B	614	1	4.093
124	B	624	1	4.093
125	P	1119	1	4.191
126	B	589	1	4.233
127	B	579	1	4.233
128	P	1406	1	4.290
129	B	825	1	4.333
130	B	823	1	4.333
131	P	1414	1	4.389
132	B	891	1	4.433
133	B	845	1	4.433
134	P	1512	2	4.488
135	B	902	1	4.488
136	B	837	1	4.488
137	P	1400	1	4.588
138	B	774	1	4.588
139	B	771	1	4.588
140	P	1200	1	4.687
141	B	717	1	4.687
142	B	668	1	4.687
143	P	1261	1	4.785
144	B	656	1	4.785
145	B	645	1	4.785
146	P	1288	1	4.885
147	B	759	1	4.885
148	B	734	1	4.885
149	H	2913	2	4.984
150	B	877	1	4.984
151	B	852	1	4.984
152	P	1540	2	5.082
153	B	860	1	5.133
154	B	923	1	5.133
155	P	2097	2	5.181
156	B	1032	1	5.181
157	B	1018	1	5.181
158	P	2266	2	5.280
159	B	1202	1	5.280
160	B	1230	1	5.280
161	P	2375	2	5.379
162	B	1497	2	5.379
163	B	1406	1	5.379
164	P	2178	2	5.479
165	B	1348	1	5.479
166	B	1289	1	5.479
167	P	2017	2	5.578
168	B	1307	1	5.578
169	B	1308	1	5.578
170	P	1946	2	5.677
171	B	1283	1	5.677
172	B	1252	1	5.677
173	P	2026	2	5.833
174	B	1262	1	5.833
175	B	1264	1	5.833
176	P	1862	2	5.875
177	B	1232	1	5.875
178	B	1123	1	5.875
179	H	2901	2	5.973
180	B	1055	1	5.973
181	B	1042	1	5.973
182	P	1634	2	6.073
183	B	938	1	6.073
184	B	918	1	6.073
185	P	1368	1	6.171
186	B	854	1	6.171
187	B	788	1	6.171
188	P	1291	1	6.270
189	B	743	1	6.270
190	B	748	1	6.270
191	P	1291	1	6.370
192	B	706	1	6.370
193	B	698	1	6.370
194	P	1348	1	6.468
195	B	679	1	6.469
196	B	717	1	6.469
197	P	1278	1	6.568
198	B	677	1	6.568
199	B	647	1	6.568
200	P	1418	1	6.666
201	B	783	1	6.666
202	B	895	1	6.667
203	P	1796	2	6.834
204	B	1030	1	6.834
205	B	1076	1	6.834
206	P	1903	2	6.865
207	B	1014	1	6.865
208	B	1098	1	6.865
209	H	3842	3	6.964
210	B	1143	1	7.034
211	B	1187	1	7.034
212	P	2099	2	7.063
213	B	1309	1	7.063
214	B	1293	1	7.063
215	P	2295	2	7.234
216	B	1346	1	7.234
217	B	1331	1	7.234
218	P	2443	2	7.261
219	B	1354	1	7.261
220	B	1279	1	7.261
221	P	2337	2	7.360
222	B	1402	1	7.360
223	B	1403	1	7.360
224	P	2267	2	7.458
225	B	1378	1	7.458
226	B	1330	1	7.458
227	P	2396	2	7.633
228	B	1389	1	7.633
229	B	1420	1	7.633
230	P	2205	2	7.657
231	B	1362	1	7.657
232	B	1261	1	7.657
233	P	1950	2	7.755
234	B	1267	1	7.755
235	B	1268	1	7.755
236	P	2091	2	7.854
237	B	1233	1	7.854
238	B	1197	1	7.854
239	H	4567	4	7.954
240	B	1178	1	7.954
241	B	1011	1	7.954
242	P	1902	2	8.053
243	B	1019	1	8.053
244	B	1050	1	8.053
245	P	1792	2	8.152
246	B	1016	1	8.152
247	B	1023	1	8.152
248	P	1884	2	8.250
249	B	1133	1	8.333
250	B	1152	1	8.333
251	P	2182	2	8.349
252	B	1151	1	8.433
253	B	1258	1	8.433
254	P	2030	2	8.449
255	B	1204	1	8.449
256	B	1146	1	8.449
257	P	2056	2	8.547
258	B	1144	1	8.547
259	B	1220	1	8.547
260	P	1269	1	8.633
