1	I	14819	15	0.033
2	P	2001	2	0.101
3	B	267	1	0.101
4	P	2190	3	0.167
5	B	329	1	0.167
6	P	2276	3	0.234
7	B	360	1	0.234
8	P	674	1	0.300
9	B	238	1	0.300
10	P	611	1	0.367
11	B	215	1	0.367
12	P	775	1	0.434
13	B	156	1	0.435
14	P	878	1	0.501
15	B	171	1	0.501
16	P	907	1	0.567
17	B	230	1	0.567
18	P	572	1	0.601
19	I	10524	11	0.634
20	P	745	1	0.701
21	B	196	1	0.701
22	P	966	1	0.767
23	B	287	1	0.767
24	P	1273	2	0.834
25	B	224	1	0.834
26	P	774	1	0.900
27	B	208	1	0.900
28	P	956	1	0.967
29	B	176	1	0.967
30	P	1001	1	1.034
31	B	195	1	1.034
32	P	1075	2	1.101
33	B	194	1	1.101
34	P	1159	2	1.167
35	B	204	1	1.167
36	P	575	1	1.200
37	I	10448	11	1.234
38	P	845	1	1.300
39	B	178	1	1.300
40	P	1175	2	1.368
41	B	236	1	1.368
42	P	1387	2	1.434
43	B	236	1	1.435
44	P	911	1	1.501
45	B	220	1	1.501
46	P	1055	2	1.567
47	B	184	1	1.567
48	P	997	1	1.634
49	B	202	1	1.634
50	P	1137	2	1.701
51	B	182	1	1.701
52	P	1224	2	1.767
53	B	198	1	1.767
54	P	544	1	1.800
55	I	11171	11	1.834
56	P	840	1	1.900
57	B	180	1	1.901
58	P	1194	2	1.967
59	B	240	1	1.967
60	P	1477	2	2.034
61	B	233	1	2.034
62	P	1013	1	2.100
63	B	224	1	2.100
64	P	1148	2	2.167
65	B	202	1	2.167
66	P	1138	2	2.234
67	B	208	1	2.234
68	P	1256	2	2.301
69	B	222	1	2.301
70	P	1420	2	2.367
71	B	219	1	2.367
72	P	580	1	2.401
73	I	11967	12	2.434
74	P	980	1	2.500
75	B	183	1	2.501
76	P	1287	2	2.567
77	B	246	1	2.567
78	P	1428	2	2.633
79	B	246	1	2.634
80	P	1103	2	2.700
81	B	254	1	2.700
82	P	1178	2	2.767
83	B	221	1	2.768
84	P	1260	2	2.834
85	B	218	1	2.834
86	P	1326	2	2.901
87	B	223	1	2.901
88	P	1385	2	2.967
89	B	200	1	2.967
90	P	579	1	3.001
91	I	12305	13	3.034
92	P	866	1	3.100
93	B	197	1	3.100
94	P	1143	2	3.167
95	B	269	1	3.167
96	P	1396	2	3.234
97	B	232	1	3.234
98	P	1047	2	3.301
99	B	228	1	3.301
100	P	1247	2	3.367
101	B	225	1	3.367
102	P	1282	2	3.433
103	B	201	1	3.434
104	P	1241	2	3.500
105	B	237	1	3.500
106	P	1293	2	3.567
107	B	232	1	3.567
108	P	568	1	3.600
109	I	12584	13	3.634
110	P	844	1	3.700
111	B	191	1	3.700
112	P	1175	2	3.767
113	B	238	1	3.768
114	P	1302	2	3.834
115	B	221	1	3.834
116	P	1104	2	3.901
117	B	239	1	3.901
118	P	1203	2	3.967
119	B	214	1	3.967
120	P	1223	2	4.034
121	B	216	1	4.034
122	P	1287	2	4.101
123	B	206	1	4.101
124	P	1267	2	4.168
125	B	189	1	4.168
126	P	591	1	4.201
127	I	12664	13	4.234
128	P	879	1	4.301
129	B	161	1	4.301
130	P	1323	2	4.367
131	B	237	1	4.367
132	P	1331	2	4.433
133	B	194	1	4.434
134	P	1156	2	4.501
135	B	211	1	4.501
136	P	1171	2	4.567
137	B	194	1	4.567
138	P	1236	2	4.634
139	B	184	1	4.634
140	P	1232	2	4.701
141	B	212	1	4.701
142	P	1343	2	4.767
143	B	201	1	4.767
144	P	616	1	4.801
145	I	12695	13	4.834
146	P	884	1	4.900
147	B	178	1	4.900
148	P	1124	2	4.967
149	B	268	1	4.967
150	P	1280	2	5.034
151	B	227	1	5.034
152	P	1100	2	5.100
153	B	237	1	5.101
154	P	1218	2	5.167
155	B	213	1	5.168
156	P	1299	2	5.234
157	B	250	1	5.234
158	P	1363	2	5.301
159	B	254	1	5.301
160	P	1378	2	5.367
161	B	258	1	5.367
162	P	616	1	5.400
163	I	13521	14	5.434
164	P	859	1	5.500
165	B	236	1	5.500
166	P	1056	2	5.567
167	B	303	1	5.568
168	P	1151	2	5.634
169	B	252	1	5.634
170	P	1089	2	5.701
171	B	252	1	5.701
172	P	1111	2	5.767
173	B	238	1	5.767
174	P	1194	2	5.834
175	B	242	1	5.834
176	P	1115	2	5.900
177	B	251	1	5.900
178	P	1167	2	5.968
179	B	210	1	5.968
180	P	543	1	6.000
181	I	13340	14	6.034
182	P	802	1	6.101
183	B	195	1	6.101
184	P	920	1	6.167
185	B	174	1	6.168
186	P	1082	2	6.234
187	B	180	1	6.234
188	P	945	1	6.300
189	B	268	1	6.300
190	P	1107	2	6.367
191	B	234	1	6.367
192	P	1129	2	6.434
193	B	247	1	6.434
194	P	1052	2	6.501
195	B	241	1	6.501
196	P	1150	2	6.567
197	B	269	1	6.567
198	P	531	1	6.601
199	I	13255	13	6.634
200	P	764	1	6.701
201	B	189	1	6.701
202	P	998	1	6.767
203	B	231	1	6.768
204	P	1270	2	6.834
205	B	275	1	6.834
206	P	1091	2	6.901
207	B	253	1	6.901
208	P	1123	2	6.967
209	B	247	1	6.967
210	P	1157	2	7.034
211	B	236	1	7.034
212	P	1180	2	7.101
213	B	215	1	7.101
214	P	1186	2	7.167
215	B	240	1	7.167
216	P	590	1	7.200
217	I	13374	14	7.233
218	P	720	1	7.300
219	B	196	1	7.300
220	P	1115	2	7.367
221	B	268	1	7.367
222	P	1217	2	7.434
223	B	287	1	7.434
224	P	1134	2	7.501
225	B	243	1	7.501
226	P	1370	2	7.567
227	B	288	1	7.567
228	P	1324	2	7.634
229	B	212	1	7.634
230	P	1221	2	7.701
231	B	206	1	7.701
232	P	1234	2	7.767
233	B	182	1	7.767
234	P	525	1	7.801
235	I	13828	14	7.834
236	P	714	1	7.900
237	B	144	1	7.901
238	P	1085	2	7.967
239	B	247	1	7.968
240	P	1175	2	8.034
241	B	237	1	8.034
242	P	1148	2	8.100
243	B	220	1	8.100
244	P	1181	2	8.168
245	B	264	1	8.168
246	P	1194	2	8.233
247	B	188	1	8.234
248	P	1200	2	8.301
249	B	206	1	8.301
250	P	1183	2	8.367
251	B	236	1	8.367
252	P	526	1	8.400
253	I	13854	14	8.434
254	P	843	1	8.500
255	B	191	1	8.501
256	P	1048	2	8.567
257	B	280	1	8.567
258	P	1179	2	8.635
259	B	238	1	8.635
260	P	1071	2	8.701
261	B	247	1	8.701
262	P	1171	2	8.767
263	B	291	1	8.768
264	P	1069	2	8.834
265	B	223	1	8.835
266	P	1180	2	8.900
267	B	244	1	8.900
268	P	1181	2	8.967
269	B	217	1	8.967
270	P	524	1	9.001
271	I	13579	14	9.034
272	P	777	1	9.101
273	B	180	1	9.101
274	P	1094	2	9.168
275	B	243	1	9.168
276	P	1259	2	9.234
277	B	259	1	9.234
278	P	1067	2	9.301
279	B	242	1	9.301
280	P	1146	2	9.367
281	B	228	1	9.367
282	P	1071	2	9.434
283	B	181	1	9.434
284	P	1155	2	9.501
285	B	182	1	9.501
286	P	1112	2	9.568
287	B	243	1	9.568
288	P	583	1	9.601
289	I	13177	13	9.634
290	P	693	1	9.701
291	B	164	1	9.701
292	P	831	1	9.767
293	B	221	1	9.768
294	P	912	1	9.833
295	B	230	1	9.834
296	P	788	1	9.901
297	B	296	1	9.901
298	P	693	1	9.967
299	B	223	1	9.967
300	P	585	1	10.000
